baseline: 0.1
calibration_time: 2017-10-20-17-39-30
gain: 0.10000000149011612
k: 27.0
limit: 1.0
radius: 0.0318
trim: -0.017999999225139618
