camera_matrix:
  cols: 3
  data: [337.1584331238783, 0.0, 308.1432400843742, 0.0, 339.0999148771336, 209.1798195521258,
    0.0, 0.0, 1.0]
  rows: 3
camera_name: car14/camera_node
distortion_coefficients:
  cols: 5
  data: [-0.26659290735312346, 0.0462675106532589, 0.004453878738282902, -0.0002509958533753329,
    0.0]
  rows: 1
distortion_model: plumb_bob
image_height: 480
image_width: 640
projection_matrix:
  cols: 4
  data: [226.16123962402344, 0.0, 308.56439958977353, 0.0, 0.0, 278.1502685546875,
    197.86445489199104, 0.0, 0.0, 0.0, 1.0, 0.0]
  rows: 3
rectification_matrix:
  cols: 3
  data: [1.0, 0.0, 0.0, 0.0, 1.0, 0.0, 0.0, 0.0, 1.0]
  rows: 3
